-5.82496133806 -3.78691969624 -3.09225242853 -2.98529288821 -5.96819050198 -4.31967995873 -3.86814931542 -5.59169405909 -3.21497740486 -6.74250389567 -4.48039291061 -2.45487971095 -3.48843021286 -1.56373913581 -6.39505720514 -3.69470618332 -7.65670912106 -2.27486953046 -2.26916062078 -1.92008642162 -4.52325502824 -3.81245206152 -4.34309145968 -6.55983445229 -3.63331246516 -6.62448892217 -5.8191401158 -7.28299271126 -10.6116194001 -8.39241591603 -8.5834711528 -8.80333062891 -8.78707010804 -9.58199998291 -9.82316203973 -10.5163092203 -10.4292978433 -10.2751471635 
-2.54032644319 -5.06933973044 -5.95788054936 -6.20095831558 -1.17531319219 -7.90906775552 -8.56584729191 -7.51602516741 -3.30649352871 -5.00439544748 -8.80700934872 -2.14016822341 -5.92678996229 -6.81045546685 -2.14387665273 -8.1603821838 -8.80700934872 -2.72023462181 -3.77242081361 -4.61460357333 -2.13843461997 -6.27765093637 -7.06176989513 -8.90231952853 -2.36273357291 -8.90231952853 -6.23509132195 -7.21592057496 -8.90231952853 -8.63995526406 -8.90231952853 -8.80700934872 -8.90231952853 -8.90231952853 -8.80700934872 -8.90231952853 -8.90231952853 -8.90231952853 
-2.07144490655 -7.00915375765 -3.78085680247 -6.50907267317 -1.73732928736 -6.86047056001 -7.63585583881 -1.90831033564 -2.9064473071 -8.70629725051 -3.34402747205 -3.25938029727 -7.18387071506 -7.47763183359 -1.59441135939 -6.72529578164 -6.3430875357 -3.3633650912 -5.34765948326 -2.38096803018 -3.21237883565 -8.10016144694 -6.82175604783 -9.58176598786 -4.62102146338 -8.3008321424 -6.29336410034 -8.3008321424 -9.58176598786 -8.35799055624 -8.62625454283 -8.58851421485 -8.70629725051 -8.74885686493 -9.39944443107 -9.24529375124 -9.48645580806 -9.24529375124 
-2.41358228903 -3.20535941476 -4.11665845574 -3.74720246789 -1.91159404556 -3.80648376869 -4.37801552161 -3.16461844342 -2.08560518804 -5.63116347568 -5.90191864064 -3.850244221 -3.8870156201 -3.66921020178 -2.59256278543 -3.98910965346 -6.80679071529 -3.26488253455 -2.79898126397 -2.24878537746 -3.65603478062 -4.96119388343 -3.46898743466 -9.4679239966 -4.27080913557 -8.45632308493 -3.69843181192 -5.56217060419 -9.84261744605 -7.78616542259 -8.23317953361 -8.71415219423 -8.68516465735 -9.14947026549 -9.0624588885 -9.53246251774 -9.53246251774 -9.67556336138 
-2.57150846606 -4.22292271094 -3.13933264274 -2.29585272702 -3.41786542955 -3.66730071575 -4.3198063157 -4.00235110907 -3.58385812919 -6.61123166163 -5.8549794356 -3.18599895868 -3.31022567401 -2.31724226168 -3.56424228252 -3.62586657299 -5.91507333757 -1.90232108954 -2.23195306958 -2.90376842153 -5.01246569137 -3.92908711254 -3.52397969266 -4.44725718369 -4.32383981136 -7.64447646043 -4.32912010852 -6.07727397031 -10.933556544 -8.15530208419 -8.88880056028 -9.11194411159 -8.82059231025 -9.43963151866 -9.72053390412 -10.2404093634 -10.286929379 -9.99924730659 
-2.30955162574 -4.57612930401 -4.27392012187 -5.0241181836 -2.38395547436 -2.78491958741 -5.17869906348 -3.77486366668 -2.29117607165 -6.10482718078 -6.55301723355 -3.47477277652 -4.38328349236 -4.98613893554 -1.84724784901 -4.49159419738 -8.21124531016 -2.28832730558 -3.92722780668 -1.77079729887 -3.42167240117 -5.89932888973 -4.40736446335 -9.1120318555 -5.01768729327 -8.63245877523 -4.89026426235 -5.91807943908 -9.19207456317 -5.76618456892 -7.25814060516 -7.1443817198 -6.77170643452 -7.56610734878 -8.6812489394 -8.8437678689 -8.54148699703 -8.38114434695 
-2.17402090486 -4.28020100051 -4.6723957717 -4.85403959211 -1.92933477874 -4.158861954 -4.314365814 -2.02162363267 -2.53746072931 -6.69580948191 -7.19530353966 -3.19723206201 -4.43333438625 -3.54849392403 -2.43554011586 -4.57349676466 -7.33084903166 -2.46804037038 -3.37743645088 -2.52076496585 -3.28525431184 -6.3642332159 -4.05005909415 -8.97307676692 -5.36667353463 -8.56761165881 -3.89686182718 -5.39652649778 -9.15539832371 -7.84706550406 -8.62477007265 -8.56761165881 -8.27992958636 -8.41346097898 -9.06008814391 -8.7499332156 -9.15539832371 -9.15539832371 
-1.79689815807 -5.90030378893 -5.55567113803 -6.01933448538 -0.726820442444 -5.90280066913 -6.29769682589 -4.72954483746 -1.95095616951 -8.3533058922 -7.4341208023 -5.88055006019 -5.25112673677 -5.93713334821 -2.49769427097 -5.83164347481 -8.63616867821 -4.41045852857 -4.89804128926 -3.23513852893 -4.55570202147 -7.25953622801 -5.16444114575 -10.2848273038 -4.84936009911 -9.75419905274 -5.58071716996 -7.0305843351 -10.2848273038 -8.20538576212 -9.36853657193 -9.09090483533 -9.54288995907 -9.59168012324 -10.0224630393 -10.0224630393 -10.189517124 -10.189517124 
-3.60798033069 -4.66554853945 -2.75855018117 -3.18553088064 -3.1624406047 -3.8774876636 -3.66907199744 -5.77262679607 -6.24774462392 -9.34303938702 -5.11256265047 -3.0685716652 -3.15471109762 -1.31220280901 -2.65870113424 -4.8810902442 -7.75891928257 -3.3945149615 -2.0331579012 -2.09054258498 -6.38715302201 -3.81261872779 -5.89106967999 -6.16759312008 -9.58989946495 -5.51100700729 -7.04987351594 -7.53577573126 -10.5061901968 -9.2824147652 -10.1007250887 -9.97556194576 -10.2438259324 -10.32386864 -10.2438259324 -10.410880017 -10.5061901968 -10.5061901968 
-2.36088334427 -6.52444297552 -6.42913279571 -6.52444297552 -1.43192052195 -6.52444297552 -6.52444297552 -6.52444297552 -5.5311912025 -6.52444297552 -6.52444297552 -6.52444297552 -6.52444297552 -6.52444297552 -1.29493992497 -6.52444297552 -6.52444297552 -6.34212141872 -6.52444297552 -6.52444297552 -1.11682287408 -6.52444297552 -6.42913279571 -6.52444297552 -6.52444297552 -6.52444297552 -4.26267987704 -6.52444297552 -6.52444297552 -6.52444297552 -6.52444297552 -6.52444297552 -6.52444297552 -6.52444297552 -6.52444297552 -6.52444297552 -6.52444297552 -6.52444297552 
-2.75463163991 -4.79247928429 -4.94416387163 -5.44925882068 -1.21422107281 -4.59788763491 -5.72746214918 -3.12967615132 -1.70531640061 -7.0236054133 -7.21284741294 -3.76021785765 -4.86147215578 -2.33099290871 -2.97512426788 -5.09258387674 -7.25540702736 -4.83021961228 -2.80816275438 -3.39696826807 -3.58850647997 -6.47887823786 -4.04351203364 -8.0883161503 -4.29058229127 -7.99300597049 -3.85711240536 -5.27290743087 -8.0883161503 -7.29985878993 -7.55768789924 -7.75184391368 -7.75184391368 -7.82595188583 -8.0883161503 -7.99300597049 -7.99300597049 -7.9059945935 
-2.14583186712 -4.87457200703 -4.61251507238 -2.79779713359 -1.76928695241 -3.87994031167 -5.51962674949 -5.08498074636 -2.11281907745 -7.29877571113 -4.88730249721 -2.04422169071 -4.48431291642 -5.4616931145 -2.35707958427 -4.67978957334 -7.71178802487 -4.90980600394 -3.53513060644 -3.26580009528 -3.77219406987 -4.90980600394 -4.51543671008 -9.88653974636 -2.32090183592 -8.45145522107 -5.01287030733 -6.24108985017 -9.88653974636 -7.77028423156 -8.40493520543 -8.50024538524 -8.66276431474 -8.40493520543 -9.3559114953 -9.70421818956 -9.55006750974 -9.29875308146 
-1.63812352222 -3.49971023442 -5.46204024391 -5.96048180847 -1.36489586651 -5.16644563308 -6.38772071613 -4.74124153202 -2.35164506203 -7.87310597989 -7.42681887727 -5.48663940292 -3.52957115742 -5.13630636551 -2.13210800631 -2.661004852 -8.34310960914 -5.10573920164 -3.31879058796 -3.46944017012 -3.42410239322 -6.80266456819 -4.62467135279 -9.44172189781 -3.40624046528 -9.346411718 -3.95443843175 -6.51319837395 -9.44172189781 -7.79306327222 -8.18895892931 -7.81248135808 -8.69978455308 -8.52543116593 -8.91109364675 -8.97171826856 -9.346411718 -9.10524966119 
-2.75445326603 -4.77731406127 -2.94617436984 -1.72014852495 -2.44114726691 -4.15928286665 -2.09960380129 -4.22700328901 -2.96363975161 -5.96418873236 -4.82940041812 -4.35282135207 -4.73877364596 -4.43817908045 -2.55657421638 -5.02750646979 -6.60915905757 -5.25454742953 -2.84179544806 -1.88149981688 -4.64157489147 -5.15564572186 -4.30127107636 -7.42624313936 -4.42612236125 -8.61186680502 -4.38946667375 -6.27942874888 -10.4036262742 -6.06218491969 -8.05658941868 -8.26892205389 -8.3707047482 -8.61186680502 -9.66602733112 -9.6234677167 -9.96830820299 -9.6234677167 
-4.21881003194 -4.3634502491 -4.01478273939 -3.86534320142 -5.1531353567 -2.14760886117 -4.86006243562 -4.40159179017 -4.18968599251 -6.63979771188 -4.34702152548 -3.15147275812 -2.7416958588 -1.75778083719 -3.40291761041 -3.75597680181 -8.20443748141 -2.13656319149 -3.16291894276 -2.73404933088 -2.20163271642 -3.52681375231 -3.03606610599 -6.66195370378 -5.11990970908 -7.67661428128 -6.40950843742 -6.41904746047 -10.5558127386 -8.50168900488 -9.33203730695 -9.60030129355 -9.76735537821 -10.0251844875 -10.219340502 -10.3734911818 -10.0858091093 -10.2934484741 
-2.06611490699 -6.02135703154 -5.98053503702 -7.21153651373 -1.73541691961 -5.72744440933 -7.25350071283 -3.54727262038 -2.60869781066 -8.24389941686 -7.61017565677 -2.38026824126 -5.82182334586 -6.85760505574 -2.0790473335 -2.78382302485 -8.55755697571 -1.78586260166 -3.76743711052 -3.06557907349 -3.18716377559 -8.32394212453 -5.56710175926 -9.19941086188 -4.92135681759 -9.19941086188 -4.77936616002 -7.10754680021 -9.19941086188 -8.93704659742 -9.01708930509 -9.01708930509 -9.10410068208 -9.01708930509 -9.19941086188 -9.19941086188 -9.19941086188 -9.19941086188 
-6.20475976237 -6.20475976237 -6.20475976237 -6.20475976237 -6.20475976237 -6.20475976237 -6.20475976237 -6.20475976237 -6.20475976237 -6.20475976237 -6.20475976237 -6.20475976237 -6.20475976237 -6.20475976237 -6.20475976237 -6.10944958256 -6.20475976237 -6.02243820557 -6.10944958256 -6.20475976237 -0.0796388304467 -6.20475976237 -6.20475976237 -6.20475976237 -6.20475976237 -6.20475976237 -5.79929465426 -6.20475976237 -6.20475976237 -6.20475976237 -6.20475976237 -6.20475976237 -6.20475976237 -6.20475976237 -6.20475976237 -6.20475976237 -6.20475976237 -6.20475976237 
-2.33135662049 -4.6879040407 -3.91361976111 -3.57375471632 -1.40568257671 -4.40494842284 -4.17821785588 -4.29966836095 -2.26910297555 -7.47555220853 -4.7671167252 -4.30912641617 -3.50842813858 -3.7834986066 -2.201486078 -4.55201777172 -7.89264535463 -3.5131438352 -2.72290924684 -2.72116504587 -3.91476890348 -4.72192831434 -4.43075455407 -7.00122268933 -3.22647909879 -7.9467125759 -4.36964444036 -6.22526960509 -10.2309485302 -7.53509360222 -8.60349211229 -8.62151061779 -8.86764368733 -8.89117418474 -9.10248327841 -9.5843213653 -9.92079360192 -9.73847204513 
-2.36077309328 -4.20487959057 -3.53721348287 -4.62931587874 -2.09709033171 -4.07055266316 -5.27914496756 -2.66048145447 -2.43439641559 -6.73968607728 -4.44751774515 -4.10600959375 -3.78399350501 -4.45725082212 -2.40361522071 -3.45883329945 -6.27065442284 -4.76244367487 -2.50190681812 -1.84828564944 -3.1620855971 -5.79580033946 -3.55474753816 -9.14017538526 -4.92868290966 -9.39968658074 -3.61677349516 -5.93395067794 -10.1305740893 -7.28387739489 -7.50256659586 -7.6456674395 -7.57752963433 -7.82032612355 -9.00664399263 -9.39968658074 -9.65100100903 -9.65100100903 
-2.7636348463 -4.76814518367 -4.7519390412 -5.24690069207 -2.30683335283 -4.93115239443 -5.8701345375 -1.06760549992 -2.18667568119 -7.54489191606 -6.59419975747 -4.14133620633 -4.70678858671 -5.41715636502 -2.16537866085 -5.2066983956 -8.04192421769 -3.34743937323 -3.32159238933 -3.00141984454 -3.76478256488 -6.93648596395 -3.86112969937 -10.1351590815 -4.05116599755 -7.84374728911 -4.5297655954 -6.60553591125 -10.1923174953 -8.30703196811 -8.82083822001 -9.49917031478 -9.21886834963 -9.26433072371 -9.93448838604 -10.1351590815 -9.80665501453 -10.1923174953 
-3.51403351359 -3.70130197411 -3.19421729462 -3.92861113236 -3.27562249014 -4.90566380782 -3.17249430992 -5.55131868292 -3.69519464089 -8.74999180047 -5.52206614008 -2.25191503901 -3.33672368824 -2.08627875509 -5.82001090448 -3.08466669403 -8.74999180047 -1.9007809221 -1.94840544463 -1.94442027024 -7.6513795118 -6.67624827991 -5.46771446425 -7.31924567678 -6.98900398991 -5.26875171114 -6.02690372201 -8.34452669236 -9.53844916084 -9.44313898103 -9.44313898103 -9.53844916084 -9.44313898103 -9.53844916084 -9.44313898103 -9.53844916084 -9.53844916084 -9.53844916084 
-2.40394901089 -6.49955859542 -6.43818964904 -6.59234032887 -0.523111308316 -6.51229762119 -6.64949874271 -5.48451138509 -1.73944238593 -8.09641772564 -7.23142028816 -5.18883383887 -7.01885884617 -4.50081926153 -2.78198097721 -6.46228720062 -8.30405709042 -5.52189891716 -4.16827533833 -5.61151107585 -6.20556735377 -8.09641772564 -4.9002988879 -8.47111117508 -5.23065177855 -8.56642135489 -5.06991379342 -7.20544480175 -8.56642135489 -8.38409979809 -8.56642135489 -8.56642135489 -8.56642135489 -8.56642135489 -8.56642135489 -8.56642135489 -8.56642135489 -8.56642135489 
-1.54414965498 -5.40476265948 -5.39813280094 -4.75813549455 -1.87964197971 -5.3850035095 -6.3400802664 -1.58197078778 -1.72216676372 -7.00537049246 -6.68791626168 -5.04388370448 -5.38283195598 -3.16485529226 -2.44802939416 -5.94788549522 -7.75502988328 -4.40064787279 -3.85141421369 -3.98414185544 -6.32884419314 -7.15952117229 -4.60249264832 -9.03132334919 -5.3806651079 -8.80817979788 -4.77099364949 -6.55338536872 -9.21364490598 -8.68301665492 -8.95128064152 -9.11833472618 -8.87717266936 -8.57179101981 -9.11833472618 -9.21364490598 -9.21364490598 -9.11833472618 
-2.1935471891 -5.91879428739 -2.03379995435 -6.17010871567 -2.4646999596 -5.4534310377 -6.44204243115 -4.09066717399 -2.04682196908 -6.50658095229 -6.50658095229 -5.88242664322 -5.57704499367 -6.12358870004 -3.82100360704 -1.49906161887 -6.38141780934 -5.84733532341 -5.08749676835 -1.83188470365 -4.32428202517 -4.30935637495 -4.91056606019 -4.48724333468 -4.9805246488 -6.9120460604 -4.67133637112 -4.36260088947 -6.81673588059 -5.95653461537 -6.81673588059 -6.64968179593 -6.64968179593 -6.72972450361 -6.57557382378 -6.9120460604 -6.9120460604 -6.9120460604 
-2.21123642425 -3.19114431216 -3.45631784622 -3.5290911407 -2.7036548963 -3.54915601931 -4.39388994873 -3.42468459602 -2.84412192534 -6.05660922778 -5.59159314004 -3.75601616731 -3.44969042874 -4.23624135063 -1.85466784632 -3.50825295795 -6.62371568744 -3.82461743339 -2.43832307227 -2.29459953591 -4.87986957391 -5.61691094803 -3.11086186167 -7.64634206913 -5.35849925788 -7.62224451755 -3.14680343824 -4.96298448062 -9.05732904284 -6.41827171323 -7.06945469469 -7.55325164607 -7.69635248971 -7.95871675417 -8.31539169811 -8.65186393473 -8.22441991991 -8.65186393473 
-2.46187345772 -5.4436194893 -5.62594104609 -4.62041918049 -0.953735458769 -5.56140252496 -5.84908459741 -3.17493594798 -2.36018163533 -6.0314061542 -5.69493391758 -3.86808312854 -4.01650313366 -4.93279386553 -1.75752167815 -5.76904188973 -6.0314061542 -5.76904188973 -5.33825897364 -5.19849703127 -3.14660544135 -5.84908459741 -4.83748368573 -6.0314061542 -4.59632162891 -3.80139175404 -4.80763072258 -5.4436194893 -6.0314061542 -5.9360959744 -6.0314061542 -6.0314061542 -6.0314061542 -6.0314061542 -6.0314061542 -6.0314061542 -6.0314061542 -6.0314061542 
-2.54776321947 -3.2294526044 -4.20439206336 -4.2847144522 -4.24200333411 -4.04212484339 -4.80161912204 -2.59093539133 -2.06452331374 -5.28636503302 -5.85843428203 -4.61321851917 -4.09334305989 -3.80678774812 -3.57533607671 -3.82613951878 -7.50359027707 -4.57603951593 -2.95162909486 -1.67210777312 -5.74260246651 -5.74260246651 -2.95258832755 -7.37575690556 -4.12538241363 -7.29879586442 -2.20732045986 -3.1764519077 -8.02968337296 -4.82631173463 -5.48264494207 -5.82394810596 -5.97951221358 -6.14028543417 -6.22518487796 -6.53418971988 -6.64338901184 -6.64338901184 
-2.79165024193 -3.61109114781 -3.35267945766 -3.76310735511 -4.03271169614 -3.44782463458 -4.28728877006 -3.65924049171 -3.26731960871 -5.17459196506 -5.16443959359 -3.85966209015 -3.84876279969 -4.01016645782 -4.0069868049 -3.79598010011 -6.66851699037 -3.87345541228 -2.94941699361 -2.3601613604 -5.08673060927 -5.37753280906 -3.49235889519 -7.36166417093 -5.03217162502 -6.58150561338 -7.27465279394 -1.0517458927 -7.36166417093 -4.47129241303 -4.89202499327 -5.20568255213 -5.16443959359 -5.16443959359 -5.7522262585 -6.29382354093 -6.121973284 -6.54068361886 
-3.47963623975 -5.40492710161 -4.57824852842 -4.30631481294 -5.15361267333 -4.19383682951 -4.95294197786 -4.86593060087 -3.91685004618 -5.55907778143 -5.64608915842 -5.74139933823 -4.48863636973 -4.82510860635 -4.07369251767 -4.30631481294 -5.74139933823 -5.15361267333 -4.4063982715 -3.3618532041 -5.21077108717 -5.27139570898 -4.17278342031 -5.74139933823 -5.64608915842 -5.74139933823 -2.49490834633 -3.67453657875 -1.23494512518 -2.89648995441 -3.03334913713 -3.41901161794 -3.46927345272 -3.30778598283 -3.40925544299 -3.44886458109 -3.39959353208 -3.42886391438 
-4.94253488139 -6.14650768572 -5.45336050516 -5.63568206195 -5.79820099145 -5.02049642286 -6.06646497804 -5.9233641344 -4.99382817578 -5.79820099145 -6.14650768572 -6.14650768572 -5.9233641344 -5.9233641344 -5.26411850552 -5.29920982533 -6.32882924251 -6.06646497804 -5.58689189778 -4.45702706561 -6.23351906271 -6.32882924251 -5.68697535634 -6.32882924251 -6.32882924251 -6.32882924251 -2.8820213496 -4.06706614404 -2.56995741658 -2.80541422813 -2.68337934633 -2.96845385537 -2.96498764739 -2.96153341253 -2.66270677552 -2.37374674762 -1.55138783558 -2.31605633398 
-4.10627313309 -5.02256386496 -4.88280192259 -4.92725368516 -4.97377370079 -4.25709602282 -5.07385715935 -4.72245927251 -4.92725368516 -5.62040086572 -5.71571104552 -5.71571104552 -5.18508279446 -5.18508279446 -4.46294807703 -4.68609162834 -5.71571104552 -5.3792388089 -4.72245927251 -3.64884828605 -5.71571104552 -4.61709875685 -4.55256023572 -5.71571104552 -5.53338948873 -5.62040086572 -2.43856631253 -3.55238801986 -2.20118497855 -2.488867051 -2.75560594961 -2.73002910782 -2.84214640594 -2.6711886078 -2.84214640594 -2.88839742359 -2.74529657995 -2.9003023261 
-4.04305126783 -4.95934199971 -4.90527477844 -5.21065642799 -5.28476440014 -4.32335323299 -5.36480710782 -5.01650041355 -5.07712503537 -5.36480710782 -5.45181848481 -5.07712503537 -5.01650041355 -5.07712503537 -4.38397785481 -4.80519131988 -5.54712866461 -4.71421954168 -5.1416635565 -3.80666248977 -5.45181848481 -5.45181848481 -4.51750924743 -5.54712866461 -5.54712866461 -5.54712866461 -2.48373774258 -3.43087314981 -2.37325020567 -2.61327179477 -2.42917875833 -2.93705887187 -2.69642216311 -2.81276115519 -2.64570707053 -2.83243392079 -2.7559635568 -2.78711872458 
-3.96041626544 -5.05902855411 -5.43372200355 -5.05902855411 -5.12356707525 -4.16805563022 -5.05902855411 -5.34671062656 -4.69612306042 -5.05902855411 -5.43372200355 -5.34671062656 -4.9984039323 -5.34671062656 -4.2480983379 -4.78709483863 -5.52903218336 -5.43372200355 -4.94124551846 -3.93979697824 -5.43372200355 -5.12356707525 -4.69612306042 -5.43372200355 -5.52903218336 -5.52903218336 -2.43798973 -3.5411578352 -2.55350261712 -2.54841354761 -2.58459320419 -2.57934384831 -2.75644346112 -2.86877264609 -2.73786707555 -2.76271307413 -2.70765329695 -2.6958188393 
-4.11308674403 -4.95141593444 -4.77956567751 -5.15905529921 -5.01595445557 -4.58851044075 -4.89079131262 -4.77956567751 -4.83363289878 -5.23909800689 -5.42141956368 -5.32610938388 -5.01595445557 -5.23909800689 -4.46590811865 -4.25826875388 -5.42141956368 -5.32610938388 -5.01595445557 -3.98633503839 -5.23909800689 -5.32610938388 -4.58851044075 -5.42141956368 -5.23909800689 -5.42141956368 -2.42069974862 -3.39327131639 -2.19061516795 -2.56494935746 -2.48225764162 -2.59410594175 -2.56494935746 -3.12888480654 -3.30516404888 -2.84880733347 -2.97907252831 -2.7335720699 
-4.11231929926 -4.99962249426 -4.86609110164 -4.80546647982 -4.86609110164 -3.83201733411 -4.74830806598 -4.80546647982 -4.80546647982 -5.24078455108 -5.33609473088 -5.15377317409 -5.24078455108 -5.15377317409 -4.41980399901 -4.59415738615 -5.33609473088 -5.33609473088 -4.93062962277 -3.74685952577 -5.07373046641 -5.24078455108 -4.27138399389 -5.33609473088 -5.33609473088 -5.33609473088 -2.34537499915 -3.37599994683 -2.27270380885 -2.49701626737 -2.77886741951 -2.74833069565 -2.80239791692 -2.6688665243 -2.88508963277 -3.10608033072 -3.07433163241 -2.83465877914 
-3.92880448239 -4.81977740628 -4.88431592742 -5.28978103553 -4.50132367516 -4.26016161834 -5.10745947873 -4.70199437062 -4.59663385497 -5.02741677106 -5.19447085572 -5.19447085572 -4.9533087989 -5.19447085572 -4.5478436908 -4.64792714935 -5.19447085572 -5.10745947873 -4.64792714935 -3.6605404958 -5.19447085572 -5.19447085572 -4.5478436908 -5.28978103553 -5.19447085572 -5.28978103553 -2.45656769147 -3.3157000095 -2.78018177315 -2.76405239122 -2.91953729406 -2.94797522938 -3.081506622 -2.73255372416 -2.58173083442 -2.4275801546 -2.56192820713 -2.67238520269 
-4.17091972645 -5.22074185095 -5.37489253077 -5.2948498231 -5.22074185095 -4.42581197608 -5.37489253077 -5.08721045832 -5.22074185095 -5.55721408757 -5.46190390776 -5.37489253077 -5.15174897946 -5.2948498231 -4.68174535021 -4.96942742267 -5.55721408757 -5.15174897946 -5.08721045832 -4.30445111907 -5.2948498231 -5.55721408757 -4.86406690701 -5.55721408757 -5.55721408757 -5.55721408757 -2.66684232967 -3.61130393851 -2.44815312871 -2.32640969183 -2.79720414754 -2.86936659378 -2.75993275274 -2.65031302772 -2.32640969183 -2.63405250685 -2.92532524743 -2.48452077288 
-3.96252111194 -4.98702542846 -4.68164377891 -4.85349403583 -4.91803255697 -3.88841313979 -4.98702542846 -4.58156032035 -4.85349403583 -5.14117610828 -5.32349766508 -5.14117610828 -5.22818748527 -4.98702542846 -4.85349403583 -4.73571100018 -5.32349766508 -4.98702542846 -4.98702542846 -3.98849659835 -5.06113340061 -5.14117610828 -4.79286941402 -5.32349766508 -5.22818748527 -5.32349766508 -2.53233255727 -3.19526595923 -2.21891098661 -1.93235061927 -2.62213645213 -2.83859101529 -3.03096290794 -3.0617345666 -2.94395153095 -3.32201766487 -3.10429418102 -2.94395153095 
